Nucleosome	Probability
0	0.025933646349974374
1	0.025933646349974374
2	0.025933646349974374
3	0.025933646349974374
4	0.025933646349974374
5	0.025933646349974374
6	0.025933646349974374
7	0.025933646349974374
8	0.025933646349974374
9	0.025933646349974374
10	0.025933646349974374
11	0.025933646349974374
12	0.025933646349974374
13	0.025933646349974374
14	0.025910172969927876
15	0.024328458323144897
16	0.022081824105293246
17	0.020160961662781807
18	0.018503355111861408
19	0.017061112980698456
20	0.015796993081743094
21	0.014681644311041908
22	0.013691654816201937
23	0.012808146208164728
24	0.012015744815492946
25	0.011301817914479817
26	0.010655899181848838
27	0.010069251261368928
28	0.009534529023671023
29	0.009045517688146876
30	0.008596927237820462
31	0.00818422961127474
32	0.007803528719624864
33	0.007451455881701263
34	0.007125085109517315
35	0.006821864019197266
36	0.006539557133540874
37	0.006276199080547551
38	0.006030055746995833
39	0.005799591866614495
40	0.005583443843563962
41	0.005380396859134495
42	0.005189365501159782
43	0.005009377305144447
44	0.004839558713497005
45	0.004679123051999801
46	0.004527360196339425
47	0.004383627660386302
48	0.004247342885190297
49	0.0041179765458124185
50	0.003995046724055151
51	0.0038781138203544674
52	0.0037667760987192267
53	0.0036606657755465233
54	0.0035594455771090217
55	0.0034628057020888448
56	0.003370461135145386
57	0.0032821492655217277
58	0.0031976277714136914
59	0.00311667273645444
60	0.0030390769694182973
61	0.0029646485022583047
62	0.0028932092449875935
63	0.002824593778805895
64	0.0027586482713329308
65	0.002695229499909191
66	0.002634203970733384
67	0.00257544712314306
68	0.002518842609685046
69	0.002464281643763888
70	0.0024116624076550575
71	0.0023608895145269537
72	0.002311873518865748
73	0.002264530470345971
74	0.002218781506758971
75	0.002174552482105352
76	0.002131773626392719
77	0.0020903792340614125
78	0.0020503073782916492
79	0.002011499648744919
80	0.001973900910549109
81	0.001937459082564652
82	0.0019021249331754864
83	0.0018678518920242637
84	0.0018345958762735481
85	0.0018023151301150286
86	0.0017709700763727798
87	0.0017405231791639553
88	0.00171093881667439
89	0.0016821831632009565
90	0.0016542240796891816
91	0.0016270310120691245
92	0.0016005748967544142
93	0.0015748280727286845
94	0.001549764199696102
95	0.0015253581818158723
96	0.0015015860965894579
97	0.0014784251284989947
98	0.0014558535070380296
99	0.0014338504487991233
100	0.0014123961033177257
101	0.001391471502392494
102	0.001371058512626866
103	0.0013511397909594658
104	0.0013316987429661808
105	0.0013127194837384004
106	0.0012941868011539515
107	0.0012760861213745867
108	0.001258403476414871
109	0.0012411254736413024
110	0.0012242392670686053
111	0.0012077325303346265
112	0.0011915934312385912
113	0.0011758106077423558
114	0.0011603731453355137
115	0.0011452705556786458
116	0.0011304927564392275
117	0.0011160300522467526
118	0.0011018731166938522
119	0.0010880129753186307
120	0.0010744409895076523
121	0.0010611488412605175
122	0.0010481285187660117
123	0.0010353723027374806
124	0.0010228727534647986
125	0.001010622698536412
126	0.0009986152211948762
127	0.000986843649286695
128	0.0009753015447725444
129	0.0009639826937644369
130	0.0009528810970605706
131	0.0009419909611490251
132	0.0009313066896531053
133	0.000920822875194377
134	0.000910534291649806
135	0.0009004358867806261
136	0.0008905227752130651
137	0.000880790231751416
138	0.0008712336850059954
139	0.0008618487113174755
140	0.0008526310289641292
141	0.0008435764926342793
142	0.0008346810881527389
143	0.0008259409274453677
144	0.000817352243731001
145	0.0008089113869289011
146	0.0008006148192695184
147	0.0007924591110999024
148	0.0007844409368719385
149	0.0007765570713068048
150	0.0007688043857237703
151	0.0007611798445278373
152	0.0007536805018468207
153	0.0007463034983116179
154	0.0007390460579711489
155	0.0007319054853378859
156	0.0007248791625546203
157	0.000717964546680161
158	0.0007111591670845296
159	0.0007044606229528738
160	0.0006978665808876072
161	0.0006913747726107755
162	0.0006849829927547402
163	0.0006786890967442061
164	0.0006724909987593786
165	0.000666386669781166
166	0.000660374135711822
167	0.0006544514755684183
168	0.0006486168197472331
169	0.0006428683483536701
170	0.000637204289596377
171	0.0006316229182424249
172	0.000626122554130748
173	0.0006207015607409272
174	0.0006153583438162358
175	0.0006100913500367844
176	0.0006048990657420983
177	0.000599780015700907
178	0.0005947327619248988
179	0.000589755902525968
180	0.0005848480706152903
181	0.0005800079332403674
182	0.0005752341903617064
183	0.0005705255738643888
184	0.00056588084660536
185	0.0005612988014938591
186	0.0005567782606039073
187	0.000552318074317687
188	0.0005479171204984534
189	0.0005435743036918406
190	0.0005392885543546722
191	0.0005350588281095026
192	0.0005308841050247481
193	0.0005267633889192991
194	0.0005226957066894466
195	0.000518680107659264
196	0.0005147156629517202
197	0.000510801464881222
198	0.0005069366263654451
199	0.0005031202803566226
200	0.0004993515792912073
201	0.0004956296945578809
202	0.0004919538159812165
203	0.0004883231513238273
204	0.00048473692580267014
205	0.000481194381621447
206	0.0004776947775178564
207	0.00047423738832441664
208	0.00047082150454388905
209	0.00046744643193685764
210	0.0004641114911230759
211	0.00046081601719416554
212	0.00045755935933908254
213	0.000454340880479992
214	0.0004511599569200775
215	0.00044801597800164794
216	0.00044490834577440297
217	0.0004418364746734682
218	0.00043879979120783896
219	0.0004357977336570673
220	0.00043282975177744154
221	0.0004298953065166866
222	0.0004269938697371023
223	0.0004241249239464451
224	0.00042128796203724783
225	0.0004184824870326065
226	0.0004157080118405987
227	0.00041296405901464217
228	0.00041025016052106955
229	0.0004075658575134755
230	0.0004049107001132257
231	0.00040228424719598865
232	0.0003996860661845958
233	0.00039711573284756385
234	0.0003945728311028629
235	0.00039205695282770736
236	0.00038956769767298227
237	0.00038710467288330386
238	0.00038466749312141
239	0.0003822557802979354
240	0.00037986916340521093
241	0.0003775072783560318
242	0.0003751697678265331
243	0.0003728562811029512
244	0.00037056647393315933
245	0.00036830000838164456
246	0.0003660565526883153
247	0.0003638357811311943
248	0.00036163737389269257
249	0.0003594610169292689
250	0.0003573064018445593
251	0.00035517322576567034
252	0.00035306119122285873
253	0.0003509700060322085
254	0.00034889938318105607
255	0.0003468490407168845
256	0.00034481870163849404
257	0.0003428080937901423
258	0.0003408169497585156
259	0.00033884500677192064
260	0.00033689200660241836
261	0.0003349576954698452
262	0.00033304182394883197
263	0.00033114414687773763
264	0.0003292644232697206
265	0.0003274024162265299
266	0.0003255578928536007
267	0.00032373062417825893
268	0.0003219203850684249
269	0.0003201269541552587
270	0.0003183501137555833
271	0.0003165896497976939
272	0.00031484535174833295
273	0.0003131170125413585
274	0.0003114044285082995
275	0.00030970739931024394
276	0.00030802572787205773
277	0.00030635922031696516
278	0.0003047076859039599
279	0.0003030709369655771
280	0.00030144878884774684
281	0.0002998410598511192
282	0.00029824757117283274
283	0.000296668146851059
284	0.0002951026137094359
285	0.0002935508013036936
286	0.00029201254186889125
287	0.0002904876702684578
288	0.00028897602394373223
289	0.0002874774428650584
290	0.00028599176948398974
291	0.000284518848686105
292	0.0002830585277455444
293	0.0002816106562801013
294	0.0002801750862073127
295	0.000278751671701688
296	0.0002773402691528537
297	0.0002759407371245026
298	0.0002745529363144539
299	0.00027317672951504557
300	0.0002718119815751652
301	0.00027045855936269625
302	0.00026911633172732596
303	0.00026778516946524
304	0.00026646494528340114
305	0.0002651555337654099
306	0.00026385681133775374
307	0.0002625686562366947
308	0.0002612909484761561
309	0.00026002356981599806
310	0.00025876640373112547
311	0.00025751933538095684
312	0.0002562822515803642
313	0.00025505504076966945
314	0.0002538375929871106
315	0.00025262979984028155
316	0.000251431554479431
317	0.0002502427515701511
318	0.00024906328726745364
319	0.0002478930591902906
320	0.0002467319663961298
321	0.00024557990935636376
322	0.00024443678993224527
323	0.00024330251135140646
324	0.00024217697818426642
325	0.0002410600963216325
326	0.00023995177295260683
327	0.00023885191654204885
328	0.00023776043681025816
329	0.0002366772447109644
330	0.00023560225241145427
331	0.0002345353732721711
332	0.00023347652182709178
333	0.0002324256137641867
334	0.00023138256590646278
335	0.00023034729619356153
336	0.00022931972366319053
337	0.00022829976843344313
338	0.00022728735168511816
339	0.00022628239564448371
340	0.0002252848235664573
341	0.00022429455971795242
342	0.0002233115293617527
343	0.00022233565874019146
344	0.00022136687506002506
345	0.00022040510647666767
346	0.00021945028207931427
347	0.00021850233187598045
348	0.00021756118677929148
349	0.00021662677859182744
350	0.00021569903999257845
351	0.0002147779045228171
352	0.0002138633065729978
353	0.0002129551813692676
354	0.0002120534649606154
355	0.0002111580942061042
356	0.00021026900676238136
357	0.00020938614107138265
358	0.0002085094363482587
359	0.00020763883256957882
360	0.00020677427046172925
361	0.00020591569148928346
362	0.00020506303784426083
363	0.00020421625243446928
364	0.00020337527887331897
365	0.00020254006146880332
366	0.0002017105452132295
367	0.00020088667577281005
368	0.0002000683994779484
369	0.00019925566331280287
370	0.0001984484149062382
371	0.00019764660252163946
372	0.0001968501750478635
373	0.0001960590819901631
374	0.0001952732734607221
375	0.00019449270017007914
376	0.00019371731341835674
377	0.00019294706508635184
378	0.00019218190762762544
379	0.00019142179405970405
380	0.00019066667795619718
381	0.00018991651343869265
382	0.000189171255168874
383	0.0001884308583406935
384	0.00018769527867298907
385	0.00018696447240179603
386	0.00018623839627282535
387	0.00018551700753474676
388	0.000184800263931445
389	0.00018408812369552496
390	0.00018338054554103977
391	0.00018267748865707922
392	0.00018197891270080313
393	0.00018128477779100205
394	0.00018059504450179675
395	0.00017990967385606016
396	0.00017922862731939437
397	0.00017855186679385793
398	0.00017787935461197057
399	0.00017721105353094013
400	0.00017654692672650074
401	0.0001758869377875838
402	0.000175231050710295
403	0.00017457922989252972
404	0.00017393144012861628
405	0.0001732876466036537
406	0.00017264781488851577
407	0.0001720119109344942
408	0.00017137990106808054
409	0.00017075175198616455
410	0.00017012743075081604
411	0.00016950690478470531
412	0.000168890141865774
413	0.00016827711012326607
414	0.00016766777803228772
415	0.0001670621144097273
416	0.00016646008840962012
417	0.0001658616695186521
418	0.00016526682755160782
419	0.00016467553264765122
420	0.00016408775526530195
421	0.00016350346617891032
422	0.00016292263647421645
423	0.00016234523754435348
424	0.00016177124108587848
425	0.0001612006190949422
426	0.0001606333438631813
427	0.00016006938797435977
428	0.00015950872429987273
429	0.00015895132599597073
430	0.00015839716649945768
431	0.00015784621952419364
432	0.00015729845905798623
433	0.00015675385935864927
434	0.00015621239495069994
435	0.00015567404062216683
436	0.00015513877142106502
437	0.00015460656265234296
438	0.00015407738987432973
439	0.00015355122889582073
440	0.00015302805577294132
441	0.00015250784680601037
442	0.0001519905785363207
443	0.00015147622774361325
444	0.0001509647714425244
445	0.00015045618688025453
446	0.0001499504515333483
447	0.00014944754310486363
448	0.00014894743952190148
449	0.00014845011893249715
450	0.00014795555970317786
451	0.00014746374041610388
452	0.0001469746398667371
453	0.00014648823706084335
454	0.0001460045112122721
455	0.00014552344174040277
456	0.00014504500826748035
457	0.00014456919061633933
458	0.00014409596880804454
459	0.00014362532305919884
460	0.00014315723378016676
461	0.0001426916815720214
462	0.0001422286472251011
463	0.00014176811171603965
464	0.00014131005620607318
465	0.0001408544620384311
466	0.00014040131073667084
467	0.00013995058400204097
468	0.0001395022637118437
469	0.0001390563319169924
470	0.0001386127708404017
471	0.000138171562874434
472	0.00013773269057953952
473	0.00013729613668178597
474	0.00013686188407124877
475	0.0001364299157999016
476	0.00013600021508008986
477	0.00013557276528214368
478	0.00013514754993307343
479	0.00013472455271454353
480	0.00013430375746106837
481	0.00013388514815834696
482	0.0001334687089414588
483	0.0001330544240933651
484	0.00013264227804288264
485	0.00013223225536343475
486	0.00013182434077099736
487	0.00013141851912285007
488	0.00013101477541585527
489	0.00013061309478473726
490	0.0001302134625007223
491	0.0001298158639700675
492	0.00012942028473234002
493	0.00012902671045891823
494	0.00012863512695190926
495	0.0001282455201422339
496	0.00012785787608840526
497	0.00012747218097519664
498	0.00012708842111203156
499	0.0001267065829318459
500	0.00012632665298956125
501	0.00012594861796080825
502	0.000125572464640622
503	0.0001251981799420543
504	0.00012482575089500791
505	0.00012445516464493211
506	0.00012408640845146257
507	0.00012371946968720016
508	0.00012335433583682276
509	0.00012299099449525341
510	0.00012262943336704968
511	0.0001222696402649326
512	0.0001219116031086348
513	0.00012155530992387364
514	0.00012120074884108822
515	0.00012084790809450963
516	0.00012049677602067599
517	0.00012014734105790514
518	0.00011979959174464316
519	0.00011945351671886761
520	0.00011910910471667202
521	0.00011876634457153035
522	0.0001184252252129786
523	0.0001180857356658932
524	0.00011774786504935297
525	0.0001174116025755706
526	0.00011707693754904602
527	0.00011674385936560894
528	0.00011641235751136403
529	0.00011608242156180282
530	0.00011575404118097099
531	0.00011542720612035817
532	0.00011510190621814853
533	0.00011477813139837423
534	0.00011445587166973581
535	0.0001141351171251026
536	0.00011381585794041638
537	0.00011349808437388642
538	0.00011318178676526791
539	0.00011286695553472392
540	0.00011255358118247849
541	0.00011224165428755373
542	0.00011193116550714532
543	0.00011162210557599805
544	0.00011131446530530942
545	0.00011100823558216066
546	0.00011070340736871187
547	0.00011039997170150806
548	0.0001100979196905355
549	0.00010979724251869438
550	0.00010949793144095221
551	0.000109199977783761
552	0.00010890337294407193
553	0.00010860810838903001
554	0.00010831417565487778
555	0.0001080215663465528
556	0.00010773027213686892
557	0.00010744028476586398
558	0.00010715159604021696
559	0.00010686419783252632
560	0.00010657808208057451
561	0.00010629324078695324
562	0.00010600966601807815
563	0.0001057273499039113
564	0.00010544628463708683
565	0.00010516646247238359
566	0.00010488787572619784
567	0.0001046105167758632
568	0.00010433437805898449
569	0.00010405945207311862
570	0.00010378573137488634
571	0.00010351320857954205
572	0.00010324187636057136
573	0.00010297172744876126
574	0.00010270275463196421
575	2.1804523991378333e-05
